0 (1257,)
1 (1257,)
2 (1176,)
3 (1257,)
4 (700,)
5 (1257,)
6 (1257,)
7 (1257,)
8 (744,)
9 (1257,)
10 (1257,)
11 (1257,)
12 (1257,)
13 (1257,)
14 (1257,)
15 (1257,)
16 (1257,)
17 (1257,)
18 (1257,)
19 (1257,)
20 (1257,)
21 (1257,)
22 (1257,)
23 (1257,)
24 (1257,)
25 (1257,)
26 (1257,)
27 (1257,)
28 (1257,)
29 (1257,)
30 (1257,)
31 (1257,)
32 (1257,)
33 (1257,)
34 (296,)
35 (1257,)
36 (1257,)
37 (1257,)
38 (1257,)
39 (1257,)
40 (1257,)
41 (1257,)
42 (1257,)
43 (1257,)
44 (1257,)
45 (1257,)
46 (1257,)
47 (1257,)
48 (1257,)
49 (1257,)
50 (1257,)
51 (1257,)
52 (1257,)
53 (1257,)
54 (1257,)
55 (1257,)
56 (1257,)
57 (1257,)
58 (1257,)
59 (1257,)
60 (1257,)
61 (1257,)
62 (1257,)
63 (1257,)
64 (1257,)
65 (1256,)
66 (1257,)
67 (1256,)
68 (1257,)
69 (1256,)
70 (1257,)
71 (1257,)
72 (1257,)
73 (1257,)
74 (1257,)
75 (1257,)
76 (1257,)
77 (1257,)
78 (1257,)
79 (1257,)
80 (1257,)
81 (1257,)
82 (1257,)
83 (1257,)
84 (1257,)
85 (1257,)
86 (1257,)
87 (1257,)
